[gd_scene load_steps=16 format=3 uid="uid://dpjt31ufwtbsy"]

[ext_resource type="PackedScene" uid="uid://386gdilof3nx" path="res://Assets/Characters/bellyguyRED.glb" id="1_ehmjo"]
[ext_resource type="Script" path="res://Scenes/bellyguy_red.gd" id="2_i6hr6"]

[sub_resource type="CapsuleShape3D" id="CapsuleShape3D_nieoo"]
radius = 0.178797
height = 1.78797

[sub_resource type="CapsuleShape3D" id="CapsuleShape3D_mhlw1"]
radius = 2.61908e-09
height = 2.61908e-08

[sub_resource type="CapsuleShape3D" id="CapsuleShape3D_pehuy"]
radius = 0.0291244
height = 0.291244

[sub_resource type="CapsuleShape3D" id="CapsuleShape3D_8l4tx"]
radius = 0.0182726
height = 0.182726

[sub_resource type="CapsuleShape3D" id="CapsuleShape3D_3pbyi"]
radius = 0.0443256
height = 0.443256

[sub_resource type="CapsuleShape3D" id="CapsuleShape3D_f0yhw"]
radius = 0.0434406
height = 0.434406

[sub_resource type="CapsuleShape3D" id="CapsuleShape3D_tr64y"]
radius = 0.0277048
height = 0.277048

[sub_resource type="CapsuleShape3D" id="CapsuleShape3D_4rrrn"]
radius = 0.0405425
height = 0.405425

[sub_resource type="CapsuleShape3D" id="CapsuleShape3D_3vd0u"]
radius = 0.0406406
height = 0.406406

[sub_resource type="CapsuleShape3D" id="CapsuleShape3D_ejftq"]
radius = 0.0405425
height = 0.405425

[sub_resource type="CapsuleShape3D" id="CapsuleShape3D_v3hxr"]
radius = 0.0406406
height = 0.406406

[sub_resource type="CapsuleShape3D" id="CapsuleShape3D_57bt5"]
radius = 3.16888e-09
height = 3.16888e-08

[sub_resource type="CapsuleShape3D" id="CapsuleShape3D_7yogy"]
radius = 1.21933e-08
height = 1.21933e-07

[node name="bellyguyRED" instance=ExtResource("1_ehmjo")]
script = ExtResource("2_i6hr6")

[node name="Skeleton3D" parent="Armature" index="0"]
bones/1/position = Vector3(0.768713, -0.034048, 0.470034)
bones/2/position = Vector3(0.928178, 0.583285, 1.21178)
bones/3/position = Vector3(-0.841336, 0.0718685, 0.416206)
bones/3/rotation = Quaternion(-0.00148269, 0.0244243, -0.0355304, 0.999069)
bones/4/position = Vector3(-0.81695, 0.697762, 1.22826)
bones/4/rotation = Quaternion(3.14987e-05, 0.0661743, -0.0358839, 0.997163)
bones/5/position = Vector3(0.000123051, -0.0134037, 0.617942)
bones/8/rotation = Quaternion(0.999925, 5.26011e-08, 0.0122589, -7.43969e-08)
bones/9/rotation = Quaternion(0.993856, -0.00699147, 0.110459, 0.000574575)
bones/10/rotation = Quaternion(0.697854, -0.00553646, 0.0142231, 0.716078)
bones/11/rotation = Quaternion(0.0100834, 0.000303519, -0.00707482, 0.999924)
bones/12/rotation = Quaternion(0.00934504, -9.94342e-05, -0.00662439, 0.999934)
bones/13/position = Vector3(-0.00419189, 0.140757, 0.23859)
bones/13/rotation = Quaternion(-7.27595e-11, -4.4005e-08, -4.17203e-08, 1)
bones/15/rotation = Quaternion(0.252323, 0.0887438, -0.948102, 0.17193)
bones/16/rotation = Quaternion(0.106785, -8.46278e-06, 0.0163539, 0.994148)
bones/18/rotation = Quaternion(0.238538, -0.048492, 0.948209, 0.204078)
bones/19/rotation = Quaternion(0.00268369, 0.000213457, -0.000411575, 0.999996)
bones/21/rotation = Quaternion(0.700568, 0.0138476, 0.0299234, 0.712823)
bones/25/rotation = Quaternion(-0.013559, 0.00637252, -0.0327615, 0.999351)

[node name="Physical Bone Bone" type="PhysicalBone3D" parent="Armature/Skeleton3D" index="10"]
transform = Transform3D(-0.726196, -0.0403467, -0.686371, 0.685963, 0.0272876, -0.727221, 0.0480827, -0.998851, 0.00785947, 0.613617, 0.650116, -0.00702681)
joint_offset = Transform3D(1, 0, 0, 0, 1, 0, 0, 0, 1, 1.4782e-05, 1.62981e-07, 0.893987)
body_offset = Transform3D(-0.68123, 0.0269525, -0.731629, -9.2946e-06, 0.99936, 0.0368103, 0.732218, 0.0250753, -0.680721, 0.654077, -0.0329081, 0.608545)
bone_name = "Bone"

[node name="CollisionShape3D" type="CollisionShape3D" parent="Armature/Skeleton3D/Physical Bone Bone" index="0"]
transform = Transform3D(1, 0, 0, 0, 0, 1, 0, -1, 0, 0, 0, 0)
shape = SubResource("CapsuleShape3D_nieoo")

[node name="Physical Bone chestcntrlr" type="PhysicalBone3D" parent="Armature/Skeleton3D" index="11"]
transform = Transform3D(0.998563, -0.00121382, -0.053581, 0.0535946, 0.0195664, 0.998369, -0.000163423, -0.999808, 0.0196082, -0.0394189, 0.616615, 0.0163321)
joint_type = 1
joint_offset = Transform3D(1, 0, 0, 0, 1, 0, 0, 0, 1, -4.1444e-08, 2.33749e-07, -2.62261e-06)
body_offset = Transform3D(1, 0, -2.9213e-08, 2.91038e-10, 1, -4.87082e-06, 1.50103e-08, 0, 0.999998, 4.14439e-08, -2.33762e-07, 2.6226e-06)
bone_name = "chestcntrlr"
joint_constraints/bias = 0.3
joint_constraints/damping = 1.0
joint_constraints/impulse_clamp = 0.0

[node name="CollisionShape3D" type="CollisionShape3D" parent="Armature/Skeleton3D/Physical Bone chestcntrlr" index="0"]
transform = Transform3D(1, 0, 0, 0, 0, 1, 0, -1, 0, 0, 0, 0)
shape = SubResource("CapsuleShape3D_mhlw1")

[node name="Physical Bone hips_001" type="PhysicalBone3D" parent="Armature/Skeleton3D" index="12"]
transform = Transform3D(0.997764, 0.0119745, -0.065907, 0.0658552, 0.00471206, 0.997818, 0.0122589, -0.999917, 0.00391176, -0.0298217, 0.471309, 0.0157601)
joint_type = 1
joint_offset = Transform3D(1, 0, 0, 0, 1, 0, 0, 0, 1, 4.17446e-07, -2.07317e-06, 0.145622)
body_offset = Transform3D(1.00001, 1.78814e-07, 3.68647e-07, 4.75509e-07, 3.95812e-08, -1, 8.3819e-09, 1, 1.24099e-06, -4.71133e-07, 0.145622, 1.89245e-06)
bone_name = "hips.001"
joint_constraints/bias = 0.3
joint_constraints/damping = 1.0
joint_constraints/impulse_clamp = 0.0

[node name="CollisionShape3D" type="CollisionShape3D" parent="Armature/Skeleton3D/Physical Bone hips_001" index="0"]
transform = Transform3D(1, 0, 0, 0, 0, 1, 0, -1, 0, 0, 0, 0)
shape = SubResource("CapsuleShape3D_pehuy")

[node name="Physical Bone hips" type="PhysicalBone3D" parent="Armature/Skeleton3D" index="13"]
transform = Transform3D(-0.00655675, 0.0696889, -0.99755, -0.00435509, 0.99753, 0.0696915, 0.999969, 0.00480144, -0.00623818, 0.0709165, 0.31964, 0.0157618)
joint_type = 1
joint_offset = Transform3D(1, 0, 0, 0, 1, 0, 0, 0, 1, 3.00235e-07, -3.27976e-06, 0.0913637)
body_offset = Transform3D(-0.0190877, 0.135261, -0.990631, 0, 0.990779, 0.135261, 0.999818, 0.00258225, -0.0189131, 0.0905082, -0.0123547, 0.00172768)
bone_name = "hips"
joint_constraints/bias = 0.3
joint_constraints/damping = 1.0
joint_constraints/impulse_clamp = 0.0

[node name="CollisionShape3D" type="CollisionShape3D" parent="Armature/Skeleton3D/Physical Bone hips" index="0"]
transform = Transform3D(1, 0, 0, 0, 0, 1, 0, -1, 0, 0, 0, 0)
shape = SubResource("CapsuleShape3D_8l4tx")

[node name="Physical Bone chest" type="PhysicalBone3D" parent="Armature/Skeleton3D" index="14"]
transform = Transform3D(0.996753, 0.0117308, 0.0816356, 0.0815668, 0.00697935, -0.996714, -0.012261, 0.999957, 0.00599665, -0.0575121, 0.837519, 0.0150022)
joint_type = 1
joint_offset = Transform3D(1, 0, 0, 0, 1, 0, 0, 0, 1, -7.46506e-09, 5.23754e-07, 0.221634)
body_offset = Transform3D(1.00016, 1.82819e-06, -9.65811e-08, 1.66218e-06, 1.43796e-06, -1.00007, -2.78465e-07, 1.00005, -9.42964e-07, 2.8871e-08, 0.22165, -3.14787e-07)
bone_name = "chest"
joint_constraints/bias = 0.3
joint_constraints/damping = 1.0
joint_constraints/impulse_clamp = 0.0

[node name="CollisionShape3D" type="CollisionShape3D" parent="Armature/Skeleton3D/Physical Bone chest" index="0"]
transform = Transform3D(1, 0, 0, 0, 0, 1, 0, -1, 0, 0, 0, 0)
shape = SubResource("CapsuleShape3D_3pbyi")

[node name="Physical Bone chest2" type="PhysicalBone3D" parent="Armature/Skeleton3D" index="15"]
transform = Transform3D(0.997689, 0.0138366, 0.0672696, 0.0674461, -0.0130887, -0.997747, -0.0129218, 0.999858, -0.0139927, -0.0902159, 1.27512, 0.0167107)
joint_type = 1
joint_offset = Transform3D(1, 0, 0, 0, 1, 0, 0, 0, 1, 9.48829e-07, 2.46967e-06, 0.217233)
body_offset = Transform3D(1.00005, 6.88247e-07, -1.17259e-07, -8.73348e-07, -1.86265e-07, -1.00011, 1.12224e-06, 1.00004, -9.12696e-07, -9.23406e-07, 0.217257, -2.2715e-06)
bone_name = "chest2"
joint_constraints/bias = 0.3
joint_constraints/damping = 1.0
joint_constraints/impulse_clamp = 0.0

[node name="CollisionShape3D" type="CollisionShape3D" parent="Armature/Skeleton3D/Physical Bone chest2" index="0"]
transform = Transform3D(1, 0, 0, 0, 0, 1, 0, -1, 0, 0, 0, 0)
shape = SubResource("CapsuleShape3D_f0yhw")

[node name="Physical Bone head" type="PhysicalBone3D" parent="Armature/Skeleton3D" index="16"]
transform = Transform3D(-0.998592, -0.0449125, 0.0297087, -0.0536546, 0.876377, -0.478925, -0.00452678, -0.47985, -0.877399, -0.108952, 1.55835, 0.141316)
joint_type = 1
joint_offset = Transform3D(1, 0, 0, 0, 1, 0, 0, 0, 1, -2.67965e-06, -0.000201918, 0.138662)
body_offset = Transform3D(-0.999889, 0.00892619, 0.0151298, -8.83738e-08, 0.861464, -0.508094, -0.0175676, -0.508045, -0.861216, -0.0020988, 0.0706271, 0.119315)
bone_name = "head"
joint_constraints/bias = 0.3
joint_constraints/damping = 1.0
joint_constraints/impulse_clamp = 0.0

[node name="CollisionShape3D" type="CollisionShape3D" parent="Armature/Skeleton3D/Physical Bone head" index="0"]
transform = Transform3D(1, 0, 0, 0, 0, 1, 0, -1, 0, 0, 0, 0)
shape = SubResource("CapsuleShape3D_tr64y")

[node name="Physical Bone arm1_L" type="PhysicalBone3D" parent="Armature/Skeleton3D" index="17"]
transform = Transform3D(-0.799823, -0.418008, -0.431087, -0.328829, -0.295953, 0.897005, -0.502308, 0.858965, 0.0992296, 0.503934, 1.0784, -0.0352831)
joint_type = 1
joint_offset = Transform3D(1, 0, 0, 0, 1, 0, 0, 0, 1, 1.59388e-05, -1.33838e-05, 0.202668)
body_offset = Transform3D(1.00008, 0.000145346, 8.706e-06, 2.03513e-05, 2.28435e-05, -1.00015, 4.04119e-05, 1.00007, -1.51321e-05, -1.77026e-05, 0.202698, 1.64509e-05)
bone_name = "arm1.L"
joint_constraints/bias = 0.3
joint_constraints/damping = 1.0
joint_constraints/impulse_clamp = 0.0

[node name="CollisionShape3D" type="CollisionShape3D" parent="Armature/Skeleton3D/Physical Bone arm1_L" index="0"]
transform = Transform3D(1, 0, 0, 0, 0, 1, 0, -1, 0, 0, 0, 0)
shape = SubResource("CapsuleShape3D_4rrrn")

[node name="Physical Bone arm2_L" type="PhysicalBone3D" parent="Armature/Skeleton3D" index="18"]
transform = Transform3D(-0.78681, -0.502674, -0.358271, -0.358811, -0.0998469, 0.928137, -0.502259, 0.858714, -0.101802, 0.664123, 0.708, -0.034745)
joint_type = 1
joint_offset = Transform3D(1, 0, 0, 0, 1, 0, 0, 0, 1, 1.42125e-05, 1.65648e-05, 0.203191)
body_offset = Transform3D(1.00004, 3.25143e-05, -4.24311e-06, -3.42727e-07, -2.49594e-06, -1.00008, 5.30481e-06, 1.00002, 6.10948e-07, -1.33514e-05, 0.203207, -1.66893e-05)
bone_name = "arm2.L"
joint_constraints/bias = 0.3
joint_constraints/damping = 1.0
joint_constraints/impulse_clamp = 0.0

[node name="CollisionShape3D" type="CollisionShape3D" parent="Armature/Skeleton3D/Physical Bone arm2_L" index="0"]
transform = Transform3D(1, 0, 0, 0, 0, 1, 0, -1, 0, 0, 0, 0)
shape = SubResource("CapsuleShape3D_3vd0u")

[node name="Physical Bone arm1_R" type="PhysicalBone3D" parent="Armature/Skeleton3D" index="19"]
transform = Transform3D(-0.818983, 0.456501, 0.347785, 0.302702, -0.171241, 0.937636, 0.487542, 0.873111, 0.0020608, -0.6226, 1.02887, -0.0156036)
joint_type = 1
joint_offset = Transform3D(1, 0, 0, 0, 1, 0, 0, 0, 1, -2.3022e-05, 5.88605e-06, 0.20269)
body_offset = Transform3D(1.00003, -8.46386e-06, 1.546e-06, 2.12388e-06, -2.36067e-06, -1.00006, -1.4782e-05, 1.00002, -5.1735e-07, 2.27094e-05, 0.202702, -5.78165e-06)
bone_name = "arm1.R"
joint_constraints/bias = 0.3
joint_constraints/damping = 1.0
joint_constraints/impulse_clamp = 0.0

[node name="CollisionShape3D" type="CollisionShape3D" parent="Armature/Skeleton3D/Physical Bone arm1_R" index="0"]
transform = Transform3D(1, 0, 0, 0, 0, 1, 0, -1, 0, 0, 0, 0)
shape = SubResource("CapsuleShape3D_ejftq")

[node name="Physical Bone arm2_R" type="PhysicalBone3D" parent="Armature/Skeleton3D" index="20"]
transform = Transform3D(-0.818897, 0.458024, 0.346019, 0.303554, -0.166083, 0.938318, 0.487178, 0.873321, -0.00302994, -0.763413, 0.648157, -0.0154018)
joint_type = 1
joint_offset = Transform3D(1, 0, 0, 0, 1, 0, 0, 0, 1, -3.35696e-05, 7.56383e-06, 0.203179)
body_offset = Transform3D(1.00004, -1.68979e-05, -3.74659e-06, -3.72657e-06, -1.81608e-07, -1.00009, -1.01924e-05, 1.00003, -2.66824e-07, 3.43323e-05, 0.203197, -7.51019e-06)
bone_name = "arm2.R"
joint_constraints/bias = 0.3
joint_constraints/damping = 1.0
joint_constraints/impulse_clamp = 0.0

[node name="CollisionShape3D" type="CollisionShape3D" parent="Armature/Skeleton3D/Physical Bone arm2_R" index="0"]
transform = Transform3D(1, 0, 0, 0, 0, 1, 0, -1, 0, 0, 0, 0)
shape = SubResource("CapsuleShape3D_v3hxr")

[node name="Physical Bone footcontrlr_R" type="PhysicalBone3D" parent="Armature/Skeleton3D" index="21"]
transform = Transform3D(0.994203, -0.00140668, -0.107877, 0.107823, -0.0226893, 0.993942, -0.00384574, -0.999952, -0.0224038, -0.206078, -0.00310404, 0.0151921)
joint_type = 1
joint_offset = Transform3D(1, 0, 0, 0, 1, 0, 0, 0, 1, -2.38138e-14, -2.70029e-08, 2.04883e-08)
body_offset = Transform3D(1.00004, -2.84053e-07, 7.87986e-07, 9.05711e-07, 1.00021, 9.33558e-06, 3.50174e-06, -6.70552e-06, 1.00003, 0, 2.70084e-08, -2.04891e-08)
bone_name = "footcontrlr.R"
joint_constraints/bias = 0.3
joint_constraints/damping = 1.0
joint_constraints/impulse_clamp = 0.0

[node name="CollisionShape3D" type="CollisionShape3D" parent="Armature/Skeleton3D/Physical Bone footcontrlr_R" index="0"]
transform = Transform3D(1, 0, 0, 0, 0, 1, 0, -1, 0, 0, 0, 0)
shape = SubResource("CapsuleShape3D_57bt5")

[node name="Physical Bone footcontrlr_L" type="PhysicalBone3D" parent="Armature/Skeleton3D" index="22"]
transform = Transform3D(0.998563, 0.00140673, -0.0535654, 0.0535834, -0.0226791, 0.998304, 0.000189616, -0.999656, -0.0227206, 0.18125, 0.0226598, 0.0151905)
joint_type = 1
joint_offset = Transform3D(1, 0, 0, 0, 1, 0, 0, 0, 1, -2.54203e-14, -1.61598e-06, 2.3278e-08)
body_offset = Transform3D(1, -1.75496e-08, -1.26277e-07, -2.82016e-08, 0.999914, 7.26432e-08, -1.20042e-07, -3.21306e-06, 0.999998, 0, 1.61584e-06, -2.32831e-08)
bone_name = "footcontrlr.L"
joint_constraints/bias = 0.3
joint_constraints/damping = 1.0
joint_constraints/impulse_clamp = 0.0

[node name="CollisionShape3D" type="CollisionShape3D" parent="Armature/Skeleton3D/Physical Bone footcontrlr_L" index="0"]
transform = Transform3D(1, 0, 0, 0, 0, 1, 0, -1, 0, 0, 0, 0)
shape = SubResource("CapsuleShape3D_7yogy")

[node name="AnimationPlayer" parent="." index="1"]
autoplay = " IDLE"
