[gd_scene load_steps=16 format=3 uid="uid://dpjt31ufwtbsy"]

[ext_resource type="PackedScene" uid="uid://386gdilof3nx" path="res://Assets/Characters/bellyguyRED.glb" id="1_ehmjo"]
[ext_resource type="Script" path="res://Scenes/bellyguy_red.gd" id="2_i6hr6"]

[sub_resource type="CapsuleShape3D" id="CapsuleShape3D_nieoo"]
radius = 0.178797
height = 1.78797

[sub_resource type="CapsuleShape3D" id="CapsuleShape3D_mhlw1"]
radius = 2.61908e-09
height = 2.61908e-08

[sub_resource type="CapsuleShape3D" id="CapsuleShape3D_pehuy"]
radius = 0.0291244
height = 0.291244

[sub_resource type="CapsuleShape3D" id="CapsuleShape3D_8l4tx"]
radius = 0.0182726
height = 0.182726

[sub_resource type="CapsuleShape3D" id="CapsuleShape3D_3pbyi"]
radius = 0.0443256
height = 0.443256

[sub_resource type="CapsuleShape3D" id="CapsuleShape3D_f0yhw"]
radius = 0.0434406
height = 0.434406

[sub_resource type="CapsuleShape3D" id="CapsuleShape3D_tr64y"]
radius = 0.0277048
height = 0.277048

[sub_resource type="CapsuleShape3D" id="CapsuleShape3D_4rrrn"]
radius = 0.0405425
height = 0.405425

[sub_resource type="CapsuleShape3D" id="CapsuleShape3D_3vd0u"]
radius = 0.0406406
height = 0.406406

[sub_resource type="CapsuleShape3D" id="CapsuleShape3D_ejftq"]
radius = 0.0405425
height = 0.405425

[sub_resource type="CapsuleShape3D" id="CapsuleShape3D_v3hxr"]
radius = 0.0406406
height = 0.406406

[sub_resource type="CapsuleShape3D" id="CapsuleShape3D_57bt5"]
radius = 3.16888e-09
height = 3.16888e-08

[sub_resource type="CapsuleShape3D" id="CapsuleShape3D_7yogy"]
radius = 1.21933e-08
height = 1.21933e-07

[node name="bellyguyRED" instance=ExtResource("1_ehmjo")]
script = ExtResource("2_i6hr6")

[node name="Skeleton3D" parent="Armature" index="0"]
bones/1/position = Vector3(0.768713, -0.034048, 0.470034)
bones/2/position = Vector3(0.928178, 0.583285, 1.21178)
bones/3/position = Vector3(-0.841336, 0.0718685, 0.416206)
bones/3/rotation = Quaternion(-0.00148269, 0.0244243, -0.0355304, 0.999069)
bones/4/position = Vector3(-0.81695, 0.697762, 1.22826)
bones/4/rotation = Quaternion(3.14987e-05, 0.0661743, -0.0358839, 0.997163)
bones/5/position = Vector3(0.000123051, -0.0134037, 0.617942)
bones/8/rotation = Quaternion(0.999925, 5.26011e-08, 0.0122589, -7.43969e-08)
bones/9/rotation = Quaternion(0.993856, -0.00699147, 0.110459, 0.000574575)
bones/10/rotation = Quaternion(0.697854, -0.00553646, 0.0142231, 0.716078)
bones/11/rotation = Quaternion(0.0100834, 0.000303519, -0.00707482, 0.999924)
bones/12/rotation = Quaternion(0.00934504, -9.94342e-05, -0.00662439, 0.999934)
bones/13/position = Vector3(-0.00419189, 0.140757, 0.23859)
bones/13/rotation = Quaternion(-7.27595e-11, -4.4005e-08, -4.17203e-08, 1)
bones/15/rotation = Quaternion(0.252323, 0.0887438, -0.948102, 0.17193)
bones/16/rotation = Quaternion(0.106785, -8.46278e-06, 0.0163539, 0.994148)
bones/18/rotation = Quaternion(0.238538, -0.048492, 0.948209, 0.204078)
bones/19/rotation = Quaternion(0.00268369, 0.000213457, -0.000411575, 0.999996)
bones/21/rotation = Quaternion(0.700568, 0.0138476, 0.0299234, 0.712823)
bones/25/rotation = Quaternion(-0.013559, 0.00637252, -0.0327615, 0.999351)

[node name="Physical Bone Bone" type="PhysicalBone3D" parent="Armature/Skeleton3D" index="10"]
transform = Transform3D(-0.726195, -0.0403467, -0.686371, 0.685967, 0.0272876, -0.727221, 0.048083, -0.998851, 0.00785947, 0.613628, 0.650116, -0.00702754)
joint_offset = Transform3D(1, 0, 0, 0, 1, 0, 0, 0, 1, 2.30372e-05, -1.08965e-07, 0.893995)
body_offset = Transform3D(-0.681229, 0.0269525, -0.731629, -9.63733e-06, 0.99936, 0.0368103, 0.732222, 0.0250753, -0.680721, 0.654088, -0.0329081, 0.608544)
bone_name = "Bone"

[node name="CollisionShape3D" type="CollisionShape3D" parent="Armature/Skeleton3D/Physical Bone Bone" index="0"]
transform = Transform3D(1, 0, 0, 0, 0, 1, 0, -1, 0, 0, 0, 0)
shape = SubResource("CapsuleShape3D_nieoo")

[node name="Physical Bone chestcntrlr" type="PhysicalBone3D" parent="Armature/Skeleton3D" index="11"]
transform = Transform3D(0.998563, -0.00121382, -0.053581, 0.0535946, 0.0195664, 0.998369, -0.000163423, -0.999808, 0.0196082, -0.0394189, 0.616615, 0.0163321)
joint_type = 1
joint_offset = Transform3D(1, 0, 0, 0, 1, 0, 0, 0, 1, -4.1444e-08, 2.32818e-07, -2.62261e-06)
body_offset = Transform3D(1, 0, -2.82816e-08, 2.91038e-10, 1, -4.87268e-06, 1.50103e-08, 0, 0.999998, 4.14439e-08, -2.32831e-07, 2.6226e-06)
bone_name = "chestcntrlr"
joint_constraints/bias = 0.3
joint_constraints/damping = 1.0
joint_constraints/impulse_clamp = 0.0

[node name="CollisionShape3D" type="CollisionShape3D" parent="Armature/Skeleton3D/Physical Bone chestcntrlr" index="0"]
transform = Transform3D(1, 0, 0, 0, 0, 1, 0, -1, 0, 0, 0, 0)
shape = SubResource("CapsuleShape3D_mhlw1")

[node name="Physical Bone hips_001" type="PhysicalBone3D" parent="Armature/Skeleton3D" index="12"]
transform = Transform3D(0.997764, 0.0119745, -0.065907, 0.0658552, 0.00471206, 0.997818, 0.0122589, -0.999917, 0.00391168, -0.0298217, 0.471309, 0.0157598)
joint_type = 1
joint_offset = Transform3D(1, 0, 0, 0, 1, 0, 0, 0, 1, 4.22126e-07, -2.3994e-06, 0.145622)
body_offset = Transform3D(1.00001, 1.78814e-07, 3.67683e-07, 4.75509e-07, 3.95812e-08, -1, 8.3819e-09, 1, 1.31968e-06, -4.75673e-07, 0.145622, 2.20723e-06)
bone_name = "hips.001"
joint_constraints/bias = 0.3
joint_constraints/damping = 1.0
joint_constraints/impulse_clamp = 0.0

[node name="CollisionShape3D" type="CollisionShape3D" parent="Armature/Skeleton3D/Physical Bone hips_001" index="0"]
transform = Transform3D(1, 0, 0, 0, 0, 1, 0, -1, 0, 0, 0, 0)
shape = SubResource("CapsuleShape3D_pehuy")

[node name="Physical Bone hips" type="PhysicalBone3D" parent="Armature/Skeleton3D" index="13"]
transform = Transform3D(-0.00655675, 0.0696889, -0.99755, -0.00435509, 0.99753, 0.0696915, 0.999969, 0.00480144, -0.00623818, 0.0709165, 0.31964, 0.0157621)
joint_type = 1
joint_offset = Transform3D(1, 0, 0, 0, 1, 0, 0, 0, 1, -9.77889e-09, -3.28056e-06, 0.0913637)
body_offset = Transform3D(-0.0190877, 0.135261, -0.990631, 0, 0.990779, 0.135261, 0.999818, 0.00258225, -0.0189131, 0.0905082, -0.0123547, 0.00172799)
bone_name = "hips"
joint_constraints/bias = 0.3
joint_constraints/damping = 1.0
joint_constraints/impulse_clamp = 0.0

[node name="CollisionShape3D" type="CollisionShape3D" parent="Armature/Skeleton3D/Physical Bone hips" index="0"]
transform = Transform3D(1, 0, 0, 0, 0, 1, 0, -1, 0, 0, 0, 0)
shape = SubResource("CapsuleShape3D_8l4tx")

[node name="Physical Bone chest" type="PhysicalBone3D" parent="Armature/Skeleton3D" index="14"]
transform = Transform3D(0.996753, 0.011731, 0.0816366, 0.081567, 0.00697937, -0.996724, -0.0122611, 0.999957, 0.00599667, -0.0575121, 0.837519, 0.0150022)
joint_type = 1
joint_offset = Transform3D(1, 0, 0, 0, 1, 0, 0, 0, 1, -3.97901e-08, 5.31699e-07, 0.221632)
body_offset = Transform3D(1.00016, 2.03215e-06, 5.34928e-08, 1.92458e-06, 1.44634e-06, -1.00008, -4.28408e-07, 1.00005, -9.7882e-07, 2.79397e-08, 0.22165, -3.14787e-07)
bone_name = "chest"
joint_constraints/bias = 0.3
joint_constraints/damping = 1.0
joint_constraints/impulse_clamp = 0.0

[node name="CollisionShape3D" type="CollisionShape3D" parent="Armature/Skeleton3D/Physical Bone chest" index="0"]
transform = Transform3D(1, 0, 0, 0, 0, 1, 0, -1, 0, 0, 0, 0)
shape = SubResource("CapsuleShape3D_3pbyi")

[node name="Physical Bone chest2" type="PhysicalBone3D" parent="Armature/Skeleton3D" index="15"]
transform = Transform3D(0.997689, 0.0138364, 0.0672696, 0.0674461, -0.0130889, -0.997747, -0.0129217, 0.999858, -0.0139926, -0.0902159, 1.27512, 0.0167107)
joint_type = 1
joint_offset = Transform3D(1, 0, 0, 0, 1, 0, 0, 0, 1, 9.43839e-07, 2.44745e-06, 0.217233)
body_offset = Transform3D(1.00005, 5.15953e-07, -1.22149e-07, -8.70365e-07, -3.78117e-07, -1.00011, 1.27964e-06, 1.00004, -8.01869e-07, -9.17353e-07, 0.217257, -2.27336e-06)
bone_name = "chest2"
joint_constraints/bias = 0.3
joint_constraints/damping = 1.0
joint_constraints/impulse_clamp = 0.0

[node name="CollisionShape3D" type="CollisionShape3D" parent="Armature/Skeleton3D/Physical Bone chest2" index="0"]
transform = Transform3D(1, 0, 0, 0, 0, 1, 0, -1, 0, 0, 0, 0)
shape = SubResource("CapsuleShape3D_f0yhw")

[node name="Physical Bone head" type="PhysicalBone3D" parent="Armature/Skeleton3D" index="16"]
transform = Transform3D(-0.998586, -0.0449124, 0.0297088, -0.0536544, 0.876371, -0.478926, -0.00452687, -0.47985, -0.877389, -0.108952, 1.55835, 0.141313)
joint_type = 1
joint_offset = Transform3D(1, 0, 0, 0, 1, 0, 0, 0, 1, -2.67802e-06, -0.00020273, 0.13866)
body_offset = Transform3D(-0.999883, 0.00892603, 0.0151298, -2.59213e-07, 0.861458, -0.508094, -0.0175676, -0.508045, -0.861206, -0.00209877, 0.0706271, 0.119312)
bone_name = "head"
joint_constraints/bias = 0.3
joint_constraints/damping = 1.0
joint_constraints/impulse_clamp = 0.0

[node name="CollisionShape3D" type="CollisionShape3D" parent="Armature/Skeleton3D/Physical Bone head" index="0"]
transform = Transform3D(1, 0, 0, 0, 0, 1, 0, -1, 0, 0, 0, 0)
shape = SubResource("CapsuleShape3D_tr64y")

[node name="Physical Bone arm1_L" type="PhysicalBone3D" parent="Armature/Skeleton3D" index="17"]
transform = Transform3D(-0.799824, -0.418008, -0.431087, -0.328829, -0.295953, 0.897005, -0.502308, 0.858965, 0.0992296, 0.503942, 1.07841, -0.0352744)
joint_type = 1
joint_offset = Transform3D(1, 0, 0, 0, 1, 0, 0, 0, 1, 2.84469e-05, -1.57729e-05, 0.202665)
body_offset = Transform3D(1.00008, 0.000145584, 8.74698e-06, 2.02917e-05, 2.29776e-05, -1.00015, 4.06206e-05, 1.00007, -1.51098e-05, -3.02196e-05, 0.202695, 1.88351e-05)
bone_name = "arm1.L"
joint_constraints/bias = 0.3
joint_constraints/damping = 1.0
joint_constraints/impulse_clamp = 0.0

[node name="CollisionShape3D" type="CollisionShape3D" parent="Armature/Skeleton3D/Physical Bone arm1_L" index="0"]
transform = Transform3D(1, 0, 0, 0, 0, 1, 0, -1, 0, 0, 0, 0)
shape = SubResource("CapsuleShape3D_4rrrn")

[node name="Physical Bone arm2_L" type="PhysicalBone3D" parent="Armature/Skeleton3D" index="18"]
transform = Transform3D(-0.78681, -0.502674, -0.358271, -0.358809, -0.0998469, 0.928137, -0.50226, 0.858714, -0.101802, 0.664123, 0.708, -0.0347452)
joint_type = 1
joint_offset = Transform3D(1, 0, 0, 0, 1, 0, 0, 0, 1, 1.44977e-05, 1.69597e-05, 0.203191)
body_offset = Transform3D(1.00004, 3.25143e-05, -4.17978e-06, -2.5481e-06, -2.5034e-06, -1.00008, 4.85778e-06, 1.00002, 5.73695e-07, -1.36495e-05, 0.203207, -1.70767e-05)
bone_name = "arm2.L"
joint_constraints/bias = 0.3
joint_constraints/damping = 1.0
joint_constraints/impulse_clamp = 0.0

[node name="CollisionShape3D" type="CollisionShape3D" parent="Armature/Skeleton3D/Physical Bone arm2_L" index="0"]
transform = Transform3D(1, 0, 0, 0, 0, 1, 0, -1, 0, 0, 0, 0)
shape = SubResource("CapsuleShape3D_3vd0u")

[node name="Physical Bone arm1_R" type="PhysicalBone3D" parent="Armature/Skeleton3D" index="19"]
transform = Transform3D(-0.818983, 0.456501, 0.347786, 0.302702, -0.171241, 0.937635, 0.487542, 0.873111, 0.00206055, -0.622599, 1.02887, -0.0156033)
joint_type = 1
joint_offset = Transform3D(1, 0, 0, 0, 1, 0, 0, 0, 1, -2.26603e-05, 5.47712e-06, 0.20269)
body_offset = Transform3D(1.00003, -8.52346e-06, 5.51809e-08, 2.21247e-06, -2.00281e-06, -1.00006, -1.4931e-05, 1.00002, 2.99187e-08, 2.26498e-05, 0.202702, -5.48363e-06)
bone_name = "arm1.R"
joint_constraints/bias = 0.3
joint_constraints/damping = 1.0
joint_constraints/impulse_clamp = 0.0

[node name="CollisionShape3D" type="CollisionShape3D" parent="Armature/Skeleton3D/Physical Bone arm1_R" index="0"]
transform = Transform3D(1, 0, 0, 0, 0, 1, 0, -1, 0, 0, 0, 0)
shape = SubResource("CapsuleShape3D_ejftq")

[node name="Physical Bone arm2_R" type="PhysicalBone3D" parent="Armature/Skeleton3D" index="20"]
transform = Transform3D(-0.818897, 0.458024, 0.34602, 0.303554, -0.166083, 0.938318, 0.487177, 0.873321, -0.00303039, -0.763413, 0.648157, -0.0154018)
joint_type = 1
joint_offset = Transform3D(1, 0, 0, 0, 1, 0, 0, 0, 1, -3.33163e-05, 7.52952e-06, 0.203179)
body_offset = Transform3D(1.00004, -1.68383e-05, -4.70015e-06, -3.81609e-06, -1.88826e-07, -1.00009, -1.0699e-05, 1.00003, -2.44705e-07, 3.42727e-05, 0.203197, -7.48038e-06)
bone_name = "arm2.R"
joint_constraints/bias = 0.3
joint_constraints/damping = 1.0
joint_constraints/impulse_clamp = 0.0

[node name="CollisionShape3D" type="CollisionShape3D" parent="Armature/Skeleton3D/Physical Bone arm2_R" index="0"]
transform = Transform3D(1, 0, 0, 0, 0, 1, 0, -1, 0, 0, 0, 0)
shape = SubResource("CapsuleShape3D_v3hxr")

[node name="Physical Bone footcontrlr_R" type="PhysicalBone3D" parent="Armature/Skeleton3D" index="21"]
transform = Transform3D(0.994203, -0.00140663, -0.107877, 0.107823, -0.0226902, 0.993942, -0.00384578, -0.999961, -0.0224041, -0.206078, -0.00310404, 0.0151921)
joint_type = 1
joint_offset = Transform3D(1, 0, 0, 0, 1, 0, 0, 0, 1, -2.39014e-14, -2.70027e-08, 2.04883e-08)
body_offset = Transform3D(1.00004, -2.86382e-07, 7.89194e-07, 9.4506e-07, 1.00022, 9.65036e-06, 3.50235e-06, -7.31274e-06, 1.00003, 0, 2.70084e-08, -2.04891e-08)
bone_name = "footcontrlr.R"
joint_constraints/bias = 0.3
joint_constraints/damping = 1.0
joint_constraints/impulse_clamp = 0.0

[node name="CollisionShape3D" type="CollisionShape3D" parent="Armature/Skeleton3D/Physical Bone footcontrlr_R" index="0"]
transform = Transform3D(1, 0, 0, 0, 0, 1, 0, -1, 0, 0, 0, 0)
shape = SubResource("CapsuleShape3D_57bt5")

[node name="Physical Bone footcontrlr_L" type="PhysicalBone3D" parent="Armature/Skeleton3D" index="22"]
transform = Transform3D(0.998563, 0.00140672, -0.0535655, 0.0535834, -0.0226791, 0.998304, 0.000189616, -0.999654, -0.022721, 0.18125, 0.0226598, 0.0151905)
joint_type = 1
joint_offset = Transform3D(1, 0, 0, 0, 1, 0, 0, 0, 1, -3.18588e-14, -1.61505e-06, 2.23464e-08)
body_offset = Transform3D(1, -2.27883e-08, -2.2131e-07, -2.82016e-08, 0.999912, 3.8743e-07, -1.20036e-07, -3.29874e-06, 0.999998, 0, 1.61491e-06, -2.23517e-08)
bone_name = "footcontrlr.L"
joint_constraints/bias = 0.3
joint_constraints/damping = 1.0
joint_constraints/impulse_clamp = 0.0

[node name="CollisionShape3D" type="CollisionShape3D" parent="Armature/Skeleton3D/Physical Bone footcontrlr_L" index="0"]
transform = Transform3D(1, 0, 0, 0, 0, 1, 0, -1, 0, 0, 0, 0)
shape = SubResource("CapsuleShape3D_7yogy")

[node name="AnimationPlayer" parent="." index="1"]
autoplay = " IDLE"
