[gd_scene load_steps=16 format=3 uid="uid://di52y35yuh6ib"]

[ext_resource type="PackedScene" uid="uid://b3xlljvottdrs" path="res://Assets/Characters/bellyheisenberg.glb" id="1_ynxkb"]
[ext_resource type="Script" path="res://Scenes/fatty1.gd" id="2_gacy0"]

[sub_resource type="CapsuleShape3D" id="CapsuleShape3D_2prh6"]
radius = 0.178797
height = 1.78797

[sub_resource type="CapsuleShape3D" id="CapsuleShape3D_dkrnw"]
radius = 2.61908e-09
height = 2.61908e-08

[sub_resource type="CapsuleShape3D" id="CapsuleShape3D_gijim"]
radius = 0.0291244
height = 0.291244

[sub_resource type="CapsuleShape3D" id="CapsuleShape3D_0kgud"]
radius = 0.0182726
height = 0.182726

[sub_resource type="CapsuleShape3D" id="CapsuleShape3D_tgse1"]
radius = 0.0443256
height = 0.443256

[sub_resource type="CapsuleShape3D" id="CapsuleShape3D_egqd7"]
radius = 0.0434406
height = 0.434406

[sub_resource type="CapsuleShape3D" id="CapsuleShape3D_cpbrf"]
radius = 0.0277048
height = 0.277048

[sub_resource type="CapsuleShape3D" id="CapsuleShape3D_rfjei"]
radius = 0.0405425
height = 0.405425

[sub_resource type="CapsuleShape3D" id="CapsuleShape3D_wyfbm"]
radius = 0.0406406
height = 0.406406

[sub_resource type="CapsuleShape3D" id="CapsuleShape3D_dqaoc"]
radius = 0.0405425
height = 0.405425

[sub_resource type="CapsuleShape3D" id="CapsuleShape3D_eccd5"]
radius = 0.0406406
height = 0.406406

[sub_resource type="CapsuleShape3D" id="CapsuleShape3D_tedut"]
radius = 3.16888e-09
height = 3.16888e-08

[sub_resource type="CapsuleShape3D" id="CapsuleShape3D_08bhi"]
radius = 1.21933e-08
height = 1.21933e-07

[node name="Fatty1" instance=ExtResource("1_ynxkb")]
script = ExtResource("2_gacy0")

[node name="Armature" parent="." index="1"]
transform = Transform3D(1, 0, 0, 0, 1, 0, 0, 0, 1, 0, 0, 0)

[node name="Skeleton3D" parent="Armature" index="0"]
bones/1/position = Vector3(0.768713, -0.034048, 0.470034)
bones/2/position = Vector3(0.928178, 0.583285, 1.21178)
bones/3/position = Vector3(-0.841336, 0.0718685, 0.416206)
bones/3/rotation = Quaternion(-0.00148836, 0.0244252, -0.0352575, 0.999079)
bones/4/position = Vector3(-0.81695, 0.697762, 1.22826)
bones/4/rotation = Quaternion(1.03218e-05, 0.0661759, -0.0355462, 0.997175)
bones/5/position = Vector3(0.000123051, -0.0134037, 0.617942)
bones/8/rotation = Quaternion(0.999925, 5.26011e-08, 0.0122589, -7.43969e-08)
bones/9/rotation = Quaternion(0.993856, -0.00699147, 0.110459, 0.000574575)
bones/10/rotation = Quaternion(0.684232, -0.00478682, 0.0134767, 0.729124)
bones/11/rotation = Quaternion(-0.0087676, 0.000730514, -0.00823266, 0.999927)
bones/12/rotation = Quaternion(0.00943655, -0.00010039, -0.0066231, 0.999934)
bones/13/position = Vector3(-0.00419189, 0.140757, 0.23859)
bones/13/rotation = Quaternion(-7.36269e-11, -4.4016e-08, -4.1702e-08, 1)
bones/15/rotation = Quaternion(0.266472, 0.13048, -0.939348, 0.172029)
bones/16/rotation = Quaternion(0.149799, -8.417e-06, 0.0229415, 0.98845)
bones/18/rotation = Quaternion(0.25904, -0.0702339, 0.942933, 0.197084)
bones/19/rotation = Quaternion(0.00268254, 0.000213456, -0.000411399, 0.999996)
bones/21/rotation = Quaternion(0.68698, 0.0143, 0.0295443, 0.725935)
bones/24/rotation = Quaternion(-0.013559, 0.00637252, -0.0327615, 0.999351)

[node name="Physical Bone Bone" type="PhysicalBone3D" parent="Armature/Skeleton3D" index="10"]
transform = Transform3D(-0.726197, -0.0403434, -0.686388, 0.685966, 0.027284, -0.727187, 0.0480743, -0.998784, 0.00785943, 0.613612, 0.650115, -0.00702608)
joint_offset = Transform3D(1, 0, 0, 0, 1, 0, 0, 0, 1, -1.96993e-05, -7.38539e-07, 0.893994)
body_offset = Transform3D(-0.68123, 0.0269512, -0.731644, -8.64267e-07, 0.999293, 0.0368115, 0.732221, 0.0250718, -0.680686, 0.654072, -0.0329085, 0.608544)
bone_name = "Bone"

[node name="CollisionShape3D" type="CollisionShape3D" parent="Armature/Skeleton3D/Physical Bone Bone" index="0"]
transform = Transform3D(1, 0, 0, 0, 0, 1, 0, -1, 0, 0, 0, 0)
shape = SubResource("CapsuleShape3D_2prh6")

[node name="Physical Bone chestcntrlr" type="PhysicalBone3D" parent="Armature/Skeleton3D" index="11"]
transform = Transform3D(0.998569, -0.00121378, -0.053589, 0.0535953, 0.0195657, 0.998482, -0.000163494, -0.999808, 0.0196102, -0.0394188, 0.616614, 0.0163317)
joint_type = 1
joint_offset = Transform3D(1, 0, 0, 0, 1, 0, 0, 0, 1, -7.45078e-08, -2.51515e-08, -1.25156e-06)
body_offset = Transform3D(1.00001, -1.9063e-09, -2.00208e-06, 7.71106e-08, 1, -4.62495e-06, 3.48888e-07, -7.35745e-07, 1.00011, 7.45058e-08, 2.51457e-08, 1.2517e-06)
bone_name = "chestcntrlr"
joint_constraints/bias = 0.3
joint_constraints/damping = 1.0
joint_constraints/impulse_clamp = 0.0

[node name="CollisionShape3D" type="CollisionShape3D" parent="Armature/Skeleton3D/Physical Bone chestcntrlr" index="0"]
transform = Transform3D(1, 0, 0, 0, 0, 1, 0, -1, 0, 0, 0, 0)
shape = SubResource("CapsuleShape3D_dkrnw")

[node name="Physical Bone hips_001" type="PhysicalBone3D" parent="Armature/Skeleton3D" index="12"]
transform = Transform3D(0.997763, 0.0119746, -0.0659075, 0.0658555, 0.00471221, 0.997818, 0.0122583, -0.999915, 0.0039095, -0.0298215, 0.471308, 0.0157486)
joint_type = 1
joint_offset = Transform3D(1, 0, 0, 0, 1, 0, 0, 0, 1, 5.02039e-07, -1.3775e-05, 0.145622)
body_offset = Transform3D(1.00001, 3.32482e-07, -1.53079e-07, 1.27511e-07, -1.11293e-07, -1, 5.56931e-07, 0.999997, 3.4906e-06, -4.79748e-07, 0.145622, 1.32667e-05)
bone_name = "hips.001"
joint_constraints/bias = 0.3
joint_constraints/damping = 1.0
joint_constraints/impulse_clamp = 0.0

[node name="CollisionShape3D" type="CollisionShape3D" parent="Armature/Skeleton3D/Physical Bone hips_001" index="0"]
transform = Transform3D(1, 0, 0, 0, 0, 1, 0, -1, 0, 0, 0, 0)
shape = SubResource("CapsuleShape3D_gijim")

[node name="Physical Bone hips" type="PhysicalBone3D" parent="Armature/Skeleton3D" index="13"]
transform = Transform3D(-0.00655718, 0.0696903, -0.997572, -0.00435545, 0.997534, 0.069697, 1, 0.00480144, -0.00623775, 0.0709183, 0.319644, 0.0157598)
joint_type = 1
joint_offset = Transform3D(1, 0, 0, 0, 1, 0, 0, 0, 1, 2.24297e-06, -8.28296e-06, 0.0913631)
body_offset = Transform3D(-0.0190885, 0.135263, -0.990652, -2.07685e-07, 0.990783, 0.135268, 0.999849, 0.00258225, -0.018913, 0.0905103, -0.0123503, 0.00172573)
bone_name = "hips"
joint_constraints/bias = 0.3
joint_constraints/damping = 1.0
joint_constraints/impulse_clamp = 0.0

[node name="CollisionShape3D" type="CollisionShape3D" parent="Armature/Skeleton3D/Physical Bone hips" index="0"]
transform = Transform3D(1, 0, 0, 0, 0, 1, 0, -1, 0, 0, 0, 0)
shape = SubResource("CapsuleShape3D_0kgud")

[node name="Physical Bone chest" type="PhysicalBone3D" parent="Armature/Skeleton3D" index="14"]
transform = Transform3D(0.996745, 0.00976967, 0.0801145, 0.0797101, 0.0366189, -0.996156, -0.0126635, 0.999383, 0.0357115, -0.0571739, 0.837355, 0.00841671)
joint_type = 1
joint_offset = Transform3D(1, 0, 0, 0, 1, 0, 0, 0, 1, 2.16653e-06, 1.5886e-06, 0.221595)
body_offset = Transform3D(1.00001, -0.000117651, 0.000494512, 0.000495754, -0.00800101, -0.999978, 0.000122637, 1.00007, -0.00800628, -0.000111748, 0.22159, 0.00177256)
bone_name = "chest"
joint_constraints/bias = 0.3
joint_constraints/damping = 1.0
joint_constraints/impulse_clamp = 0.0

[node name="CollisionShape3D" type="CollisionShape3D" parent="Armature/Skeleton3D/Physical Bone chest" index="0"]
transform = Transform3D(1, 0, 0, 0, 0, 1, 0, -1, 0, 0, 0, 0)
shape = SubResource("CapsuleShape3D_tgse1")

[node name="Physical Bone chest2" type="PhysicalBone3D" parent="Armature/Skeleton3D" index="15"]
transform = Transform3D(0.997901, 0.0103563, 0.064286, 0.0637389, 0.0462078, -0.997002, -0.0132947, 0.998901, 0.0454519, -0.0889283, 1.275, -0.00939384)
joint_type = 1
joint_offset = Transform3D(1, 0, 0, 0, 1, 0, 0, 0, 1, 0.000240315, -0.00353703, 0.217466)
body_offset = Transform3D(1.00002, -0.000109052, 0.00100242, 0.00100156, -0.016004, -0.999978, 0.000124793, 0.999895, -0.0160068, -0.000458699, 0.217404, 0.00701756)
bone_name = "chest2"
joint_constraints/bias = 0.3
joint_constraints/damping = 1.0
joint_constraints/impulse_clamp = 0.0

[node name="CollisionShape3D" type="CollisionShape3D" parent="Armature/Skeleton3D/Physical Bone chest2" index="0"]
transform = Transform3D(1, 0, 0, 0, 0, 1, 0, -1, 0, 0, 0, 0)
shape = SubResource("CapsuleShape3D_egqd7")

[node name="Physical Bone head" type="PhysicalBone3D" parent="Armature/Skeleton3D" index="16"]
transform = Transform3D(-0.998744, -0.0405975, 0.0312596, -0.0510008, 0.846587, -0.529977, -0.00494573, -0.530858, -0.847532, -0.10718, 1.56468, 0.0981709)
joint_type = 1
joint_offset = Transform3D(1, 0, 0, 0, 1, 0, 0, 0, 1, -0.000467379, 0.00510882, 0.14772)
body_offset = Transform3D(-0.999905, 0.00801004, 0.0155318, -0.00071464, 0.869486, -0.494146, -0.0174591, -0.494064, -0.869334, -0.00280263, 0.0685531, 0.130934)
bone_name = "head"
joint_constraints/bias = 0.3
joint_constraints/damping = 1.0
joint_constraints/impulse_clamp = 0.0

[node name="CollisionShape3D" type="CollisionShape3D" parent="Armature/Skeleton3D/Physical Bone head" index="0"]
transform = Transform3D(1, 0, 0, 0, 0, 1, 0, -1, 0, 0, 0, 0)
shape = SubResource("CapsuleShape3D_cpbrf")

[node name="Physical Bone arm1_L" type="PhysicalBone3D" parent="Armature/Skeleton3D" index="17"]
transform = Transform3D(-0.789514, -0.423556, -0.444256, -0.335122, -0.309003, 0.890079, -0.514309, 0.851563, 0.10201, 0.507925, 1.07603, -0.0590491)
joint_type = 1
joint_offset = Transform3D(1, 0, 0, 0, 1, 0, 0, 0, 1, 0.00329707, -0.00527543, 0.20087)
body_offset = Transform3D(1.00006, -0.00421989, -0.0032506, -0.00325933, -0.00275503, -0.999997, 0.00420126, 1.00001, -0.00277106, -0.00266659, 0.200866, 0.00581825)
bone_name = "arm1.L"
joint_constraints/bias = 0.3
joint_constraints/damping = 1.0
joint_constraints/impulse_clamp = 0.0

[node name="CollisionShape3D" type="CollisionShape3D" parent="Armature/Skeleton3D/Physical Bone arm1_L" index="0"]
transform = Transform3D(1, 0, 0, 0, 0, 1, 0, -1, 0, 0, 0, 0)
shape = SubResource("CapsuleShape3D_rfjei")

[node name="Physical Bone arm2_L" type="PhysicalBone3D" parent="Armature/Skeleton3D" index="18"]
transform = Transform3D(-0.772329, -0.535578, -0.341963, -0.374746, -0.0501933, 0.926621, -0.512952, 0.843042, -0.162082, 0.667468, 0.707529, -0.0469276)
joint_type = 1
joint_offset = Transform3D(1, 0, 0, 0, 1, 0, 0, 0, 1, 0.00202383, -0.00651479, 0.203089)
body_offset = Transform3D(1, -0.0050419, -0.00463135, -0.00455029, 0.0151158, -1.00079, 0.00512418, 0.999915, 0.0151021, -0.0011161, 0.203358, 0.0034368)
bone_name = "arm2.L"
joint_constraints/bias = 0.3
joint_constraints/damping = 1.0
joint_constraints/impulse_clamp = 0.0

[node name="CollisionShape3D" type="CollisionShape3D" parent="Armature/Skeleton3D/Physical Bone arm2_L" index="0"]
transform = Transform3D(1, 0, 0, 0, 0, 1, 0, -1, 0, 0, 0, 0)
shape = SubResource("CapsuleShape3D_wyfbm")

[node name="Physical Bone arm1_R" type="PhysicalBone3D" parent="Armature/Skeleton3D" index="19"]
transform = Transform3D(-0.806714, 0.476795, 0.349222, 0.313887, -0.155062, 0.936731, 0.500798, 0.865242, -0.0245668, -0.621614, 1.02815, -0.034576)
joint_type = 1
joint_offset = Transform3D(1, 0, 0, 0, 1, 0, 0, 0, 1, -0.00369492, -0.00543835, 0.202608)
body_offset = Transform3D(1.00004, 0.00513074, 0.00379998, 0.00376922, 0.00551505, -0.99999, -0.00514984, 0.999982, 0.00549584, 0.00295305, 0.20265, 0.00430572)
bone_name = "arm1.R"
joint_constraints/bias = 0.3
joint_constraints/damping = 1.0
joint_constraints/impulse_clamp = 0.0

[node name="CollisionShape3D" type="CollisionShape3D" parent="Armature/Skeleton3D/Physical Bone arm1_R" index="0"]
transform = Transform3D(1, 0, 0, 0, 0, 1, 0, -1, 0, 0, 0, 0)
shape = SubResource("CapsuleShape3D_dqaoc")

[node name="Physical Bone arm2_R" type="PhysicalBone3D" parent="Armature/Skeleton3D" index="20"]
transform = Transform3D(-0.806686, 0.478318, 0.347334, 0.314745, -0.149901, 0.937311, 0.500436, 0.865318, -0.0296308, -0.762987, 0.647813, -0.023585)
joint_type = 1
joint_offset = Transform3D(1, 0, 0, 0, 1, 0, 0, 0, 1, -0.00216516, -0.00319187, 0.203121)
body_offset = Transform3D(1.0001, 0.00515112, 0.00376336, 0.00373914, 0.00552263, -1.00001, -0.00516948, 0.999989, 0.00549527, 0.0014174, 0.20315, 0.00206444)
bone_name = "arm2.R"
joint_constraints/bias = 0.3
joint_constraints/damping = 1.0
joint_constraints/impulse_clamp = 0.0

[node name="CollisionShape3D" type="CollisionShape3D" parent="Armature/Skeleton3D/Physical Bone arm2_R" index="0"]
transform = Transform3D(1, 0, 0, 0, 0, 1, 0, -1, 0, 0, 0, 0)
shape = SubResource("CapsuleShape3D_eccd5")

[node name="Physical Bone footcontrlr_R" type="PhysicalBone3D" parent="Armature/Skeleton3D" index="21"]
transform = Transform3D(0.994199, -0.00140658, -0.107881, 0.107821, -0.0226943, 0.993975, -0.00384509, -1, -0.022418, -0.206076, -0.00310408, 0.015192)
joint_type = 1
joint_offset = Transform3D(1, 0, 0, 0, 1, 0, 0, 0, 1, -1.23675e-06, -6.23866e-08, 1.97429e-07)
body_offset = Transform3D(1.00004, -5.28526e-07, 3.43251e-07, 3.05241e-07, 1.00026, 2.27466e-05, 1.83283e-06, -1.05575e-05, 1.00006, 1.2368e-06, 6.23986e-08, -1.9744e-07)
bone_name = "footcontrlr.R"
joint_constraints/bias = 0.3
joint_constraints/damping = 1.0
joint_constraints/impulse_clamp = 0.0

[node name="CollisionShape3D" type="CollisionShape3D" parent="Armature/Skeleton3D/Physical Bone footcontrlr_R" index="0"]
transform = Transform3D(1, 0, 0, 0, 0, 1, 0, -1, 0, 0, 0, 0)
shape = SubResource("CapsuleShape3D_tedut")

[node name="Physical Bone footcontrlr_L" type="PhysicalBone3D" parent="Armature/Skeleton3D" index="22"]
transform = Transform3D(0.998563, 0.00140679, -0.0535583, 0.0535832, -0.0226782, 0.998216, 0.000189797, -0.999741, -0.0227213, 0.181251, 0.0226592, 0.0151922)
joint_type = 1
joint_offset = Transform3D(1, 0, 0, 0, 1, 0, 0, 0, 1, -1.04308e-06, 1.39696e-07, 7.70273e-07)
body_offset = Transform3D(1, -5.60249e-09, 2.22146e-06, -1.23575e-07, 0.999999, 2.7176e-06, -2.70367e-07, -3.31551e-07, 0.999909, 1.04308e-06, -1.39698e-07, -7.70204e-07)
bone_name = "footcontrlr.L"
joint_constraints/bias = 0.3
joint_constraints/damping = 1.0
joint_constraints/impulse_clamp = 0.0

[node name="CollisionShape3D" type="CollisionShape3D" parent="Armature/Skeleton3D/Physical Bone footcontrlr_L" index="0"]
transform = Transform3D(1, 0, 0, 0, 0, 1, 0, -1, 0, 0, 0, 0)
shape = SubResource("CapsuleShape3D_08bhi")

[node name="AnimationPlayer" parent="." index="2"]
autoplay = " IDLE"
