[gd_scene load_steps=16 format=3 uid="uid://cn2idqvfqodjx"]

[ext_resource type="PackedScene" uid="uid://drq2l771epcgi" path="res://Assets/Characters/bellyheisenberg2.glb" id="1_qi2ea"]
[ext_resource type="Script" path="res://Scenes/fatty_2.gd" id="2_nuuby"]

[sub_resource type="CapsuleShape3D" id="CapsuleShape3D_ltnmm"]
radius = 0.178797
height = 1.78797

[sub_resource type="CapsuleShape3D" id="CapsuleShape3D_1ea57"]
radius = 2.61908e-09
height = 2.61908e-08

[sub_resource type="CapsuleShape3D" id="CapsuleShape3D_o1xu3"]
radius = 0.0291244
height = 0.291244

[sub_resource type="CapsuleShape3D" id="CapsuleShape3D_qws0w"]
radius = 0.0182726
height = 0.182726

[sub_resource type="CapsuleShape3D" id="CapsuleShape3D_w67x6"]
radius = 0.0443256
height = 0.443256

[sub_resource type="CapsuleShape3D" id="CapsuleShape3D_nkvxr"]
radius = 0.0434406
height = 0.434406

[sub_resource type="CapsuleShape3D" id="CapsuleShape3D_t6x83"]
radius = 0.0277048
height = 0.277048

[sub_resource type="CapsuleShape3D" id="CapsuleShape3D_qwyjg"]
radius = 0.0405425
height = 0.405425

[sub_resource type="CapsuleShape3D" id="CapsuleShape3D_5xa85"]
radius = 0.0406406
height = 0.406406

[sub_resource type="CapsuleShape3D" id="CapsuleShape3D_qfchy"]
radius = 0.0405425
height = 0.405425

[sub_resource type="CapsuleShape3D" id="CapsuleShape3D_a0pgt"]
radius = 0.0406406
height = 0.406406

[sub_resource type="CapsuleShape3D" id="CapsuleShape3D_8625p"]
radius = 3.16888e-09
height = 3.16888e-08

[sub_resource type="CapsuleShape3D" id="CapsuleShape3D_3tmjn"]
radius = 1.21933e-08
height = 1.21933e-07

[node name="Fatty2" instance=ExtResource("1_qi2ea")]
script = ExtResource("2_nuuby")

[node name="Skeleton3D" parent="Armature" index="0"]
bones/1/position = Vector3(0.680963, 0.514971, 1.83436)
bones/2/position = Vector3(0.768839, 0.278775, 1.0035)
bones/3/position = Vector3(-0.319271, -0.913865, 0.838074)
bones/3/rotation = Quaternion(-0.00148269, 0.0244243, -0.0355304, 0.999069)
bones/4/position = Vector3(-1.63847, 1.30055, 0.969952)
bones/4/rotation = Quaternion(3.14987e-05, 0.0661743, -0.0358839, 0.997163)
bones/8/rotation = Quaternion(0.998136, -0.000785647, 0.012237, 0.0597888)
bones/9/rotation = Quaternion(0.992578, -0.0152589, 0.110664, -0.0480619)
bones/10/rotation = Quaternion(0.767833, 0.0917186, 0.144885, 0.617275)
bones/11/rotation = Quaternion(0.132169, 0.158442, 0.0213506, 0.978249)
bones/12/rotation = Quaternion(0.00934504, -9.94342e-05, -0.00662439, 0.999934)
bones/15/rotation = Quaternion(-0.650607, -0.605063, -0.24806, 0.386102)
bones/16/rotation = Quaternion(0.437191, -7.6344e-06, 0.066955, 0.896873)
bones/18/rotation = Quaternion(-0.00686374, 0.274858, 0.891103, 0.361028)
bones/19/rotation = Quaternion(0.688814, 0.000153, -0.105637, 0.7172)
bones/21/rotation = Quaternion(0.768114, 0.112015, 0.158259, 0.610252)
bones/23/position = Vector3(-0.205935, 0.021479, 0.0519365)
bones/23/rotation = Quaternion(-0.0398939, -0.0195475, -0.0257294, 0.998681)
bones/25/position = Vector3(0.178604, -0.0567094, 0.0542011)
bones/25/rotation = Quaternion(-0.102451, 0.00863441, -0.039812, 0.993904)

[node name="Physical Bone Bone" type="PhysicalBone3D" parent="Armature/Skeleton3D" index="10"]
transform = Transform3D(-0.726168, -0.0403467, -0.686371, 0.685936, 0.0272876, -0.727221, 0.0480727, -0.998851, 0.00785943, 0.613617, 0.650116, -0.00702677)
joint_offset = Transform3D(1, 0, 0, 0, 1, 0, 0, 0, 1, 1.38879e-05, 1.25729e-07, 0.893987)
body_offset = Transform3D(-0.681204, 0.0269525, -0.731629, -1.21444e-06, 0.99936, 0.0368103, 0.73219, 0.0250753, -0.680721, 0.654076, -0.0329081, 0.608545)
bone_name = "Bone"

[node name="CollisionShape3D" type="CollisionShape3D" parent="Armature/Skeleton3D/Physical Bone Bone" index="0"]
transform = Transform3D(1, 0, 0, 0, 0, 1, 0, -1, 0, 0, 0, 0)
shape = SubResource("CapsuleShape3D_ltnmm")

[node name="Physical Bone chestcntrlr" type="PhysicalBone3D" parent="Armature/Skeleton3D" index="11"]
transform = Transform3D(0.998563, -0.00121382, -0.053581, 0.0535946, 0.0195664, 0.998369, -0.000163423, -0.999808, 0.0196082, -0.0394188, 0.616612, 0.0163317)
joint_type = 1
body_offset = Transform3D(1, 0, -2.9213e-08, 2.91038e-10, 1, -4.87082e-06, 1.50103e-08, 0, 0.999998, 0, 0, 0)
bone_name = "chestcntrlr"
joint_constraints/bias = 0.3
joint_constraints/damping = 1.0
joint_constraints/impulse_clamp = 0.0

[node name="CollisionShape3D" type="CollisionShape3D" parent="Armature/Skeleton3D/Physical Bone chestcntrlr" index="0"]
transform = Transform3D(1, 0, 0, 0, 0, 1, 0, -1, 0, 0, 0, 0)
shape = SubResource("CapsuleShape3D_1ea57")

[node name="Physical Bone hips_001" type="PhysicalBone3D" parent="Armature/Skeleton3D" index="12"]
transform = Transform3D(0.997759, 0.0119745, -0.065907, 0.0658552, 0.00471206, 0.997818, 0.0122588, -0.999917, 0.0039091, -0.0298217, 0.471308, 0.0157486)
joint_type = 1
joint_offset = Transform3D(1, 0, 0, 0, 1, 0, 0, 0, 1, 5.8552e-07, -1.38323e-05, 0.145622)
body_offset = Transform3D(1.00001, 1.78814e-07, 3.36095e-07, 2.26184e-07, 3.95812e-08, -1, 2.14204e-08, 1, 3.89665e-06, -6.34464e-07, 0.145622, 1.32648e-05)
bone_name = "hips.001"
joint_constraints/bias = 0.3
joint_constraints/damping = 1.0
joint_constraints/impulse_clamp = 0.0

[node name="CollisionShape3D" type="CollisionShape3D" parent="Armature/Skeleton3D/Physical Bone hips_001" index="0"]
transform = Transform3D(1, 0, 0, 0, 0, 1, 0, -1, 0, 0, 0, 0)
shape = SubResource("CapsuleShape3D_o1xu3")

[node name="Physical Bone hips" type="PhysicalBone3D" parent="Armature/Skeleton3D" index="13"]
transform = Transform3D(-0.00655676, 0.0696893, -0.99755, -0.00435509, 0.99753, 0.0696915, 0.999969, 0.00480143, -0.0062374, 0.0709156, 0.319636, 0.015761)
joint_type = 1
joint_offset = Transform3D(1, 0, 0, 0, 1, 0, 0, 0, 1, 9.37143e-07, 1.0283e-07, 0.091363)
body_offset = Transform3D(-0.0190877, 0.135261, -0.990631, 0, 0.990779, 0.135261, 0.999818, 0.00258225, -0.0189123, 0.090507, -0.012358, 0.00172695)
bone_name = "hips"
joint_constraints/bias = 0.3
joint_constraints/damping = 1.0
joint_constraints/impulse_clamp = 0.0

[node name="CollisionShape3D" type="CollisionShape3D" parent="Armature/Skeleton3D/Physical Bone hips" index="0"]
transform = Transform3D(1, 0, 0, 0, 0, 1, 0, -1, 0, 0, 0, 0)
shape = SubResource("CapsuleShape3D_qws0w")

[node name="Physical Bone chest" type="PhysicalBone3D" parent="Armature/Skeleton3D" index="14"]
transform = Transform3D(0.933596, 0.346863, 0.0899114, 0.165785, -0.195676, -0.966556, -0.317668, 0.917272, -0.240186, -0.0593457, 0.830828, 0.0695635)
joint_type = 1
joint_offset = Transform3D(1, 0, 0, 0, 1, 0, 0, 0, 1, -4.63948e-08, 1.15062e-07, 0.221628)
body_offset = Transform3D(0.999999, 1.60933e-06, -5.96046e-08, 1.2666e-07, -3.54648e-06, -1, -3.27826e-07, 0.999996, -1.49012e-08, 5.96046e-08, 0.221628, -1.11759e-07)
bone_name = "chest"
joint_constraints/bias = 0.3
joint_constraints/damping = 1.0
joint_constraints/impulse_clamp = 0.0

[node name="CollisionShape3D" type="CollisionShape3D" parent="Armature/Skeleton3D/Physical Bone chest" index="0"]
transform = Transform3D(1, 0, 0, 0, 0, 1, 0, -1, 0, 0, 0, 0)
shape = SubResource("CapsuleShape3D_w67x6")

[node name="Physical Bone chest2" type="PhysicalBone3D" parent="Armature/Skeleton3D" index="15"]
transform = Transform3D(0.772784, 0.63464, -0.0054522, 0.297719, -0.370088, -0.880002, -0.560507, 0.678409, -0.474937, -0.0780876, 1.23618, 0.225954)
joint_type = 1
joint_offset = Transform3D(1, 0, 0, 0, 1, 0, 0, 0, 1, 2.66013e-07, -1.34509e-06, 0.217203)
body_offset = Transform3D(1, 3.39746e-06, -1.43051e-06, 5.96046e-08, -9.47714e-06, -0.999999, 0, 0.999986, 6.4671e-06, 4.47035e-08, 0.217203, -5.96046e-08)
bone_name = "chest2"
joint_constraints/bias = 0.3
joint_constraints/damping = 1.0
joint_constraints/impulse_clamp = 0.0

[node name="CollisionShape3D" type="CollisionShape3D" parent="Armature/Skeleton3D/Physical Bone chest2" index="0"]
transform = Transform3D(1, 0, 0, 0, 0, 1, 0, -1, 0, 0, 0, 0)
shape = SubResource("CapsuleShape3D_nkvxr")

[node name="Physical Bone head" type="PhysicalBone3D" parent="Armature/Skeleton3D" index="16"]
transform = Transform3D(-0.783712, -0.291527, -0.548459, -0.279171, 0.954131, -0.108234, 0.55485, 0.0682893, -0.829143, -0.000927694, 1.44233, 0.443973)
joint_type = 1
joint_offset = Transform3D(1, 0, 0, 0, 1, 0, 0, 0, 1, 1.54809e-06, -1.16974e-05, 0.138528)
body_offset = Transform3D(-0.999846, 0.00892693, 0.0151304, -2.98023e-08, 0.86133, -0.50806, -0.0175667, -0.507985, -0.861189, -0.00209434, 0.0703908, 0.119293)
bone_name = "head"
joint_constraints/bias = 0.3
joint_constraints/damping = 1.0
joint_constraints/impulse_clamp = 0.0

[node name="CollisionShape3D" type="CollisionShape3D" parent="Armature/Skeleton3D/Physical Bone head" index="0"]
transform = Transform3D(1, 0, 0, 0, 0, 1, 0, -1, 0, 0, 0, 0)
shape = SubResource("CapsuleShape3D_t6x83")

[node name="Physical Bone arm1_L" type="PhysicalBone3D" parent="Armature/Skeleton3D" index="17"]
transform = Transform3D(0.616472, -0.474578, -0.628284, 0.274988, 0.877475, -0.392977, 0.737796, 0.0694853, 0.671437, 0.423576, 1.43188, -0.233403)
joint_type = 1
joint_offset = Transform3D(1, 0, 0, 0, 1, 0, 0, 0, 1, 2.41651e-08, -3.47372e-08, 0.202712)
body_offset = Transform3D(1, -3.08082e-06, -1.19209e-07, 0, 2.49594e-06, -1, -1.86265e-08, 1.00001, 1.71363e-07, 0, 0.202712, 0)
bone_name = "arm1.L"
joint_constraints/bias = 0.3
joint_constraints/damping = 1.0
joint_constraints/impulse_clamp = 0.0

[node name="CollisionShape3D" type="CollisionShape3D" parent="Armature/Skeleton3D/Physical Bone arm1_L" index="0"]
transform = Transform3D(1, 0, 0, 0, 0, 1, 0, -1, 0, 0, 0, 0)
shape = SubResource("CapsuleShape3D_qwyjg")

[node name="Physical Bone arm2_L" type="PhysicalBone3D" parent="Armature/Skeleton3D" index="18"]
transform = Transform3D(0.658608, -0.749785, 0.063732, 0.371099, 0.249957, -0.894319, 0.654615, 0.612656, 0.442867, 0.537986, 1.69327, -0.459504)
joint_type = 1
joint_offset = Transform3D(1, 0, 0, 0, 1, 0, 0, 0, 1, -8.46578e-07, -5.88556e-07, 0.203207)
body_offset = Transform3D(1, -1.72853e-06, 5.96046e-08, -1.49012e-07, 1.16229e-06, -1, -2.98023e-08, 1, -4.76837e-07, 8.34465e-07, 0.203207, 6.85453e-07)
bone_name = "arm2.L"
joint_constraints/bias = 0.3
joint_constraints/damping = 1.0
joint_constraints/impulse_clamp = 0.0

[node name="CollisionShape3D" type="CollisionShape3D" parent="Armature/Skeleton3D/Physical Bone arm2_L" index="0"]
transform = Transform3D(1, 0, 0, 0, 0, 1, 0, -1, 0, 0, 0, 0)
shape = SubResource("CapsuleShape3D_5xa85")

[node name="Physical Bone arm1_R" type="PhysicalBone3D" parent="Armature/Skeleton3D" index="19"]
transform = Transform3D(-0.701488, 0.685314, 0.195615, 0.420789, 0.176745, 0.889774, 0.575198, 0.70648, -0.412355, -0.500408, 0.909163, 0.532164)
joint_type = 1
joint_offset = Transform3D(1, 0, 0, 0, 1, 0, 0, 0, 1, 6.04136e-09, 5.1553e-08, 0.202713)
body_offset = Transform3D(1, -1.16229e-06, -2.98023e-08, 3.12924e-07, -7.7486e-07, -1, -5.96046e-08, 1, -3.27826e-07, 0, 0.202713, 1.49012e-08)
bone_name = "arm1.R"
joint_constraints/bias = 0.3
joint_constraints/damping = 1.0
joint_constraints/impulse_clamp = 0.0

[node name="CollisionShape3D" type="CollisionShape3D" parent="Armature/Skeleton3D/Physical Bone arm1_R" index="0"]
transform = Transform3D(1, 0, 0, 0, 0, 1, 0, -1, 0, 0, 0, 0)
shape = SubResource("CapsuleShape3D_qfchy")

[node name="Physical Bone arm2_R" type="PhysicalBone3D" parent="Armature/Skeleton3D" index="20"]
transform = Transform3D(-0.756114, 0.330213, -0.565022, 0.520274, 0.827039, -0.21289, 0.396996, -0.454935, -0.797137, -0.425247, 0.772055, 0.777734)
joint_type = 1
joint_offset = Transform3D(1, 0, 0, 0, 1, 0, 0, 0, 1, 1.73713e-07, -1.48057e-07, 0.203203)
body_offset = Transform3D(1, -1.49012e-07, -2.68221e-07, 2.98023e-08, 2.98023e-08, -1, 0, 1, -2.98023e-07, -1.19209e-07, 0.203203, 2.08616e-07)
bone_name = "arm2.R"
joint_constraints/bias = 0.3
joint_constraints/damping = 1.0
joint_constraints/impulse_clamp = 0.0

[node name="CollisionShape3D" type="CollisionShape3D" parent="Armature/Skeleton3D/Physical Bone arm2_R" index="0"]
transform = Transform3D(1, 0, 0, 0, 0, 1, 0, -1, 0, 0, 0, 0)
shape = SubResource("CapsuleShape3D_a0pgt")

[node name="Physical Bone footcontrlr_R" type="PhysicalBone3D" parent="Armature/Skeleton3D" index="21"]
transform = Transform3D(0.994206, -0.00742016, -0.107277, 0.106432, -0.0745378, 0.991522, -0.0153516, -0.997191, -0.0733158, -0.209858, 0.0383293, -0.00771304)
joint_type = 1
joint_offset = Transform3D(1, 0, 0, 0, 1, 0, 0, 0, 1, 2.90571e-06, 1.77004e-08, -4.84288e-07)
body_offset = Transform3D(1, -5.12227e-08, 5.82077e-10, -1.8226e-06, 1, 0, 1.06054e-07, -1.49012e-08, 1, -2.90573e-06, -1.76951e-08, 4.84288e-07)
bone_name = "footcontrlr.R"
joint_constraints/bias = 0.3
joint_constraints/damping = 1.0
joint_constraints/impulse_clamp = 0.0

[node name="CollisionShape3D" type="CollisionShape3D" parent="Armature/Skeleton3D/Physical Bone footcontrlr_R" index="0"]
transform = Transform3D(1, 0, 0, 0, 0, 1, 0, -1, 0, 0, 0, 0)
shape = SubResource("CapsuleShape3D_8625p")

[node name="Physical Bone footcontrlr_L" type="PhysicalBone3D" parent="Armature/Skeleton3D" index="22"]
transform = Transform3D(0.998291, 0.0264025, -0.0521286, 0.0563405, -0.198339, 0.978515, 0.0154963, -0.979778, -0.199488, 0.178012, 0.0657698, 0.0451644)
joint_type = 1
joint_offset = Transform3D(1, 0, 0, 0, 1, 0, 0, 0, 1, -2.39909e-06, -2.90573e-07, 1.37835e-07)
body_offset = Transform3D(1, 0, -8.4308e-07, 0, 1, -1.3411e-07, 2.32831e-10, 0, 1, 2.39909e-06, 2.90573e-07, -1.37836e-07)
bone_name = "footcontrlr.L"
joint_constraints/bias = 0.3
joint_constraints/damping = 1.0
joint_constraints/impulse_clamp = 0.0

[node name="CollisionShape3D" type="CollisionShape3D" parent="Armature/Skeleton3D/Physical Bone footcontrlr_L" index="0"]
transform = Transform3D(1, 0, 0, 0, 0, 1, 0, -1, 0, 0, 0, 0)
shape = SubResource("CapsuleShape3D_3tmjn")

[node name="AnimationPlayer" parent="." index="2"]
autoplay = " IDLE"
