[gd_scene load_steps=16 format=3 uid="uid://cn2idqvfqodjx"]

[ext_resource type="PackedScene" uid="uid://drq2l771epcgi" path="res://Assets/Characters/bellyheisenberg2.glb" id="1_qi2ea"]
[ext_resource type="Script" path="res://Scenes/fatty_2.gd" id="2_nuuby"]

[sub_resource type="CapsuleShape3D" id="CapsuleShape3D_ltnmm"]
radius = 0.178797
height = 1.78797

[sub_resource type="CapsuleShape3D" id="CapsuleShape3D_1ea57"]
radius = 2.61908e-09
height = 2.61908e-08

[sub_resource type="CapsuleShape3D" id="CapsuleShape3D_o1xu3"]
radius = 0.0291244
height = 0.291244

[sub_resource type="CapsuleShape3D" id="CapsuleShape3D_qws0w"]
radius = 0.0182726
height = 0.182726

[sub_resource type="CapsuleShape3D" id="CapsuleShape3D_w67x6"]
radius = 0.0443256
height = 0.443256

[sub_resource type="CapsuleShape3D" id="CapsuleShape3D_nkvxr"]
radius = 0.0434406
height = 0.434406

[sub_resource type="CapsuleShape3D" id="CapsuleShape3D_t6x83"]
radius = 0.0277048
height = 0.277048

[sub_resource type="CapsuleShape3D" id="CapsuleShape3D_qwyjg"]
radius = 0.0405425
height = 0.405425

[sub_resource type="CapsuleShape3D" id="CapsuleShape3D_5xa85"]
radius = 0.0406406
height = 0.406406

[sub_resource type="CapsuleShape3D" id="CapsuleShape3D_qfchy"]
radius = 0.0405425
height = 0.405425

[sub_resource type="CapsuleShape3D" id="CapsuleShape3D_a0pgt"]
radius = 0.0406406
height = 0.406406

[sub_resource type="CapsuleShape3D" id="CapsuleShape3D_8625p"]
radius = 3.16888e-09
height = 3.16888e-08

[sub_resource type="CapsuleShape3D" id="CapsuleShape3D_3tmjn"]
radius = 1.21933e-08
height = 1.21933e-07

[node name="Fatty2" instance=ExtResource("1_qi2ea")]
script = ExtResource("2_nuuby")

[node name="Skeleton3D" parent="Armature" index="0"]
bones/1/position = Vector3(0.768713, -0.034048, 0.470034)
bones/2/position = Vector3(0.928178, 0.583285, 1.21178)
bones/3/position = Vector3(-0.841336, 0.0718685, 0.416206)
bones/3/rotation = Quaternion(-0.00148269, 0.0244243, -0.0355304, 0.999069)
bones/4/position = Vector3(-0.81695, 0.697762, 1.22826)
bones/4/rotation = Quaternion(3.14987e-05, 0.0661743, -0.0358839, 0.997163)
bones/5/position = Vector3(0.000123051, -0.0134037, 0.617942)
bones/8/rotation = Quaternion(0.999925, 5.26011e-08, 0.0122589, -7.43969e-08)
bones/9/rotation = Quaternion(0.993856, -0.00699147, 0.110459, 0.000574575)
bones/10/rotation = Quaternion(0.697854, -0.00553646, 0.0142231, 0.716078)
bones/11/rotation = Quaternion(0.0100834, 0.000303519, -0.00707482, 0.999924)
bones/12/rotation = Quaternion(0.00934504, -9.94342e-05, -0.00662439, 0.999934)
bones/13/position = Vector3(-0.00419189, 0.140757, 0.23859)
bones/13/rotation = Quaternion(-7.27595e-11, -4.4005e-08, -4.17203e-08, 1)
bones/15/rotation = Quaternion(0.252323, 0.0887438, -0.948102, 0.17193)
bones/16/rotation = Quaternion(0.106785, -8.46278e-06, 0.0163539, 0.994148)
bones/18/rotation = Quaternion(0.238538, -0.048492, 0.948209, 0.204078)
bones/19/rotation = Quaternion(0.00268369, 0.000213457, -0.000411575, 0.999996)
bones/21/rotation = Quaternion(0.700568, 0.0138476, 0.0299234, 0.712823)
bones/25/rotation = Quaternion(-0.013559, 0.00637252, -0.0327615, 0.999351)

[node name="Physical Bone Bone" type="PhysicalBone3D" parent="Armature/Skeleton3D" index="10"]
transform = Transform3D(-0.726169, -0.0403467, -0.686371, 0.685941, 0.0272876, -0.727221, 0.0480761, -0.998851, 0.00785947, 0.613625, 0.650117, -0.00702734)
joint_offset = Transform3D(1, 0, 0, 0, 1, 0, 0, 0, 1, 2.01762e-05, -5.40167e-08, 0.893993)
body_offset = Transform3D(-0.681204, 0.0269525, -0.731629, -4.58956e-06, 0.99936, 0.0368103, 0.732194, 0.0250753, -0.680721, 0.654085, -0.0329081, 0.608545)
bone_name = "Bone"

[node name="CollisionShape3D" type="CollisionShape3D" parent="Armature/Skeleton3D/Physical Bone Bone" index="0"]
transform = Transform3D(1, 0, 0, 0, 0, 1, 0, -1, 0, 0, 0, 0)
shape = SubResource("CapsuleShape3D_ltnmm")

[node name="Physical Bone chestcntrlr" type="PhysicalBone3D" parent="Armature/Skeleton3D" index="11"]
transform = Transform3D(0.998563, -0.00121382, -0.053581, 0.0535946, 0.0195664, 0.998369, -0.000163423, -0.999808, 0.0196082, -0.0394188, 0.616613, 0.0163318)
joint_type = 1
body_offset = Transform3D(1, 0, -2.82816e-08, 2.91038e-10, 1, -4.87268e-06, 1.50103e-08, 0, 0.999998, 0, 0, 0)
bone_name = "chestcntrlr"
joint_constraints/bias = 0.3
joint_constraints/damping = 1.0
joint_constraints/impulse_clamp = 0.0

[node name="CollisionShape3D" type="CollisionShape3D" parent="Armature/Skeleton3D/Physical Bone chestcntrlr" index="0"]
transform = Transform3D(1, 0, 0, 0, 0, 1, 0, -1, 0, 0, 0, 0)
shape = SubResource("CapsuleShape3D_1ea57")

[node name="Physical Bone hips_001" type="PhysicalBone3D" parent="Armature/Skeleton3D" index="12"]
transform = Transform3D(0.997764, 0.0119745, -0.065907, 0.0658552, 0.00471206, 0.997818, 0.0122589, -0.999917, 0.00390906, -0.0298217, 0.471309, 0.0157486)
joint_type = 1
joint_offset = Transform3D(1, 0, 0, 0, 1, 0, 0, 0, 1, 5.88735e-07, -1.38839e-05, 0.145622)
body_offset = Transform3D(1.00001, 1.78814e-07, 3.35585e-07, 4.75509e-07, 3.95812e-08, -1, 8.3819e-09, 1, 3.93763e-06, -6.37607e-07, 0.145622, 1.33105e-05)
bone_name = "hips.001"
joint_constraints/bias = 0.3
joint_constraints/damping = 1.0
joint_constraints/impulse_clamp = 0.0

[node name="CollisionShape3D" type="CollisionShape3D" parent="Armature/Skeleton3D/Physical Bone hips_001" index="0"]
transform = Transform3D(1, 0, 0, 0, 0, 1, 0, -1, 0, 0, 0, 0)
shape = SubResource("CapsuleShape3D_o1xu3")

[node name="Physical Bone hips" type="PhysicalBone3D" parent="Armature/Skeleton3D" index="13"]
transform = Transform3D(-0.00655675, 0.0696889, -0.99755, -0.00435509, 0.99753, 0.0696915, 0.999969, 0.00480144, -0.00623818, 0.0709155, 0.319637, 0.0157611)
joint_type = 1
joint_offset = Transform3D(1, 0, 0, 0, 1, 0, 0, 0, 1, 1.00711e-06, 1.53118e-07, 0.091363)
body_offset = Transform3D(-0.0190877, 0.135261, -0.990631, 0, 0.990779, 0.135261, 0.999818, 0.00258225, -0.0189131, 0.090507, -0.012358, 0.00172695)
bone_name = "hips"
joint_constraints/bias = 0.3
joint_constraints/damping = 1.0
joint_constraints/impulse_clamp = 0.0

[node name="CollisionShape3D" type="CollisionShape3D" parent="Armature/Skeleton3D/Physical Bone hips" index="0"]
transform = Transform3D(1, 0, 0, 0, 0, 1, 0, -1, 0, 0, 0, 0)
shape = SubResource("CapsuleShape3D_qws0w")

[node name="Physical Bone chest" type="PhysicalBone3D" parent="Armature/Skeleton3D" index="14"]
transform = Transform3D(0.996614, 0.0117312, 0.0816296, 0.0815533, 0.00697408, -0.996655, -0.0122594, 0.999907, 0.00599674, -0.0575104, 0.837507, 0.0150023)
joint_type = 1
joint_offset = Transform3D(1, 0, 0, 0, 1, 0, 0, 0, 1, -4.67659e-07, 3.88063e-07, 0.221636)
body_offset = Transform3D(1.00002, 2.41678e-06, -1.18433e-06, -4.3102e-07, -3.54555e-06, -1.00001, -3.7346e-07, 1, -5.07105e-07, 7.30157e-07, 0.221638, -2.75671e-07)
bone_name = "chest"
joint_constraints/bias = 0.3
joint_constraints/damping = 1.0
joint_constraints/impulse_clamp = 0.0

[node name="CollisionShape3D" type="CollisionShape3D" parent="Armature/Skeleton3D/Physical Bone chest" index="0"]
transform = Transform3D(1, 0, 0, 0, 0, 1, 0, -1, 0, 0, 0, 0)
shape = SubResource("CapsuleShape3D_w67x6")

[node name="Physical Bone chest2" type="PhysicalBone3D" parent="Armature/Skeleton3D" index="15"]
transform = Transform3D(0.997659, 0.0138401, 0.0672652, 0.067444, -0.0130971, -0.997707, -0.0129221, 0.999838, -0.0139839, -0.0902114, 1.27509, 0.016711)
joint_type = 1
joint_offset = Transform3D(1, 0, 0, 0, 1, 0, 0, 0, 1, -1.04936e-06, -8.57424e-08, 0.21721)
body_offset = Transform3D(1.00002, 3.86313e-06, -1.93689e-06, -1.01395e-06, -9.11858e-06, -1.00007, 4.49829e-07, 1.00002, 7.23358e-06, 1.47009e-06, 0.217225, -1.48546e-06)
bone_name = "chest2"
joint_constraints/bias = 0.3
joint_constraints/damping = 1.0
joint_constraints/impulse_clamp = 0.0

[node name="CollisionShape3D" type="CollisionShape3D" parent="Armature/Skeleton3D/Physical Bone chest2" index="0"]
transform = Transform3D(1, 0, 0, 0, 0, 1, 0, -1, 0, 0, 0, 0)
shape = SubResource("CapsuleShape3D_nkvxr")

[node name="Physical Bone head" type="PhysicalBone3D" parent="Armature/Skeleton3D" index="16"]
transform = Transform3D(-0.998555, -0.0449037, 0.0297087, -0.0536528, 0.876246, -0.478899, -0.00452678, -0.479784, -0.877367, -0.108936, 1.55811, 0.141283)
joint_type = 1
joint_offset = Transform3D(1, 0, 0, 0, 1, 0, 0, 0, 1, 1.24471e-06, -1.51359e-05, 0.138527)
body_offset = Transform3D(-0.999852, 0.00892708, 0.0151308, -3.6585e-07, 0.861335, -0.508067, -0.0175671, -0.507975, -0.861185, -0.00209465, 0.0703942, 0.11929)
bone_name = "head"
joint_constraints/bias = 0.3
joint_constraints/damping = 1.0
joint_constraints/impulse_clamp = 0.0

[node name="CollisionShape3D" type="CollisionShape3D" parent="Armature/Skeleton3D/Physical Bone head" index="0"]
transform = Transform3D(1, 0, 0, 0, 0, 1, 0, -1, 0, 0, 0, 0)
shape = SubResource("CapsuleShape3D_t6x83")

[node name="Physical Bone arm1_L" type="PhysicalBone3D" parent="Armature/Skeleton3D" index="17"]
transform = Transform3D(-0.799805, -0.417885, -0.431029, -0.328817, -0.295875, 0.896887, -0.502305, 0.858993, 0.0992314, 0.503933, 1.07839, -0.0353071)
joint_type = 1
joint_offset = Transform3D(1, 0, 0, 0, 1, 0, 0, 0, 1, 5.8468e-07, 5.76197e-07, 0.202708)
body_offset = Transform3D(1.00006, 7.24196e-06, 5.58794e-08, 1.71475e-05, 3.85195e-06, -1.00002, 3.21269e-05, 1.00002, -3.13669e-06, -5.96046e-07, 0.202712, 5.96046e-08)
bone_name = "arm1.L"
joint_constraints/bias = 0.3
joint_constraints/damping = 1.0
joint_constraints/impulse_clamp = 0.0

[node name="CollisionShape3D" type="CollisionShape3D" parent="Armature/Skeleton3D/Physical Bone arm1_L" index="0"]
transform = Transform3D(1, 0, 0, 0, 0, 1, 0, -1, 0, 0, 0, 0)
shape = SubResource("CapsuleShape3D_qwyjg")

[node name="Physical Bone arm2_L" type="PhysicalBone3D" parent="Armature/Skeleton3D" index="18"]
transform = Transform3D(-0.786781, -0.502641, -0.358251, -0.3588, -0.0998379, 0.92808, -0.502252, 0.858711, -0.101798, 0.664103, 0.707994, -0.0347377)
joint_type = 1
joint_offset = Transform3D(1, 0, 0, 0, 1, 0, 0, 0, 1, -8.03585e-07, -2.07188e-07, 0.203202)
body_offset = Transform3D(1.00001, 4.76837e-06, -1.03191e-06, -7.82311e-08, 7.00355e-07, -1.00002, -3.72529e-06, 1, -4.47035e-07, 1.01328e-06, 0.203206, 2.98023e-07)
bone_name = "arm2.L"
joint_constraints/bias = 0.3
joint_constraints/damping = 1.0
joint_constraints/impulse_clamp = 0.0

[node name="CollisionShape3D" type="CollisionShape3D" parent="Armature/Skeleton3D/Physical Bone arm2_L" index="0"]
transform = Transform3D(1, 0, 0, 0, 0, 1, 0, -1, 0, 0, 0, 0)
shape = SubResource("CapsuleShape3D_5xa85")

[node name="Physical Bone arm1_R" type="PhysicalBone3D" parent="Armature/Skeleton3D" index="19"]
transform = Transform3D(-0.818954, 0.456487, 0.347763, 0.302689, -0.171237, 0.937579, 0.487537, 0.873096, 0.00206155, -0.622588, 1.02885, -0.0156099)
joint_type = 1
joint_offset = Transform3D(1, 0, 0, 0, 1, 0, 0, 0, 1, -5.7178e-06, 3.2355e-06, 0.202713)
body_offset = Transform3D(1, -3.33786e-06, 2.03738e-06, 4.57559e-06, -1.34611e-06, -0.999999, -3.66569e-06, 1, 2.10828e-07, 5.30481e-06, 0.202713, -3.27826e-06)
bone_name = "arm1.R"
joint_constraints/bias = 0.3
joint_constraints/damping = 1.0
joint_constraints/impulse_clamp = 0.0

[node name="CollisionShape3D" type="CollisionShape3D" parent="Armature/Skeleton3D/Physical Bone arm1_R" index="0"]
transform = Transform3D(1, 0, 0, 0, 0, 1, 0, -1, 0, 0, 0, 0)
shape = SubResource("CapsuleShape3D_qfchy")

[node name="Physical Bone arm2_R" type="PhysicalBone3D" parent="Armature/Skeleton3D" index="20"]
transform = Transform3D(-0.818861, 0.457993, 0.34599, 0.303537, -0.166076, 0.938244, 0.487167, 0.873304, -0.00302805, -0.763383, 0.648145, -0.0153921)
joint_type = 1
joint_offset = Transform3D(1, 0, 0, 0, 1, 0, 0, 0, 1, -1.04273e-05, -1.68552e-05, 0.203195)
body_offset = Transform3D(1, 2.5332e-06, -1.77708e-06, 5.55301e-08, 3.73903e-06, -1.00001, -4.47035e-07, 1, 5.2317e-07, 1.07884e-05, 0.203197, 1.67489e-05)
bone_name = "arm2.R"
joint_constraints/bias = 0.3
joint_constraints/damping = 1.0
joint_constraints/impulse_clamp = 0.0

[node name="CollisionShape3D" type="CollisionShape3D" parent="Armature/Skeleton3D/Physical Bone arm2_R" index="0"]
transform = Transform3D(1, 0, 0, 0, 0, 1, 0, -1, 0, 0, 0, 0)
shape = SubResource("CapsuleShape3D_a0pgt")

[node name="Physical Bone footcontrlr_R" type="PhysicalBone3D" parent="Armature/Skeleton3D" index="21"]
transform = Transform3D(0.994203, -0.00140688, -0.107877, 0.10782, -0.0226809, 0.993942, -0.00384318, -0.999822, -0.0223965, -0.206081, -0.00310399, 0.015192)
joint_type = 1
joint_offset = Transform3D(1, 0, 0, 0, 1, 0, 0, 0, 1, 3.82945e-06, -6.14554e-08, -4.48885e-07)
body_offset = Transform3D(1.00004, -7.68341e-08, 8.52793e-07, -1.59186e-06, 1.00008, 1.96695e-06, 4.86405e-07, -1.24797e-06, 1.00003, -3.8296e-06, 6.14673e-08, 4.48897e-07)
bone_name = "footcontrlr.R"
joint_constraints/bias = 0.3
joint_constraints/damping = 1.0
joint_constraints/impulse_clamp = 0.0

[node name="CollisionShape3D" type="CollisionShape3D" parent="Armature/Skeleton3D/Physical Bone footcontrlr_R" index="0"]
transform = Transform3D(1, 0, 0, 0, 0, 1, 0, -1, 0, 0, 0, 0)
shape = SubResource("CapsuleShape3D_8625p")

[node name="Physical Bone footcontrlr_L" type="PhysicalBone3D" parent="Armature/Skeleton3D" index="22"]
transform = Transform3D(0.998563, 0.0014067, -0.0535655, 0.0535834, -0.0226782, 0.998304, 0.000189639, -0.999742, -0.0227202, 0.181254, 0.0226599, 0.0151918)
joint_type = 1
joint_offset = Transform3D(1, 0, 0, 0, 1, 0, 0, 0, 1, -3.72529e-06, -3.25963e-07, 2.0396e-07)
body_offset = Transform3D(1, -8.33825e-09, -2.1745e-07, -5.24597e-08, 1, -3.22238e-07, -7.21343e-08, -3.14787e-07, 0.999998, 3.72529e-06, 3.25963e-07, -2.0396e-07)
bone_name = "footcontrlr.L"
joint_constraints/bias = 0.3
joint_constraints/damping = 1.0
joint_constraints/impulse_clamp = 0.0

[node name="CollisionShape3D" type="CollisionShape3D" parent="Armature/Skeleton3D/Physical Bone footcontrlr_L" index="0"]
transform = Transform3D(1, 0, 0, 0, 0, 1, 0, -1, 0, 0, 0, 0)
shape = SubResource("CapsuleShape3D_3tmjn")

[node name="AnimationPlayer" parent="." index="2"]
autoplay = " IDLE"
